44
19
29
244
248
388
212
379
201
424
355
486
195
341
271
299
33
469
431
49
119
375
345
441
433
178
499
193
439
33
398
447
421
474
207
103
141
163
94
246
361
232
15
162
74
454
137
171
100
334
68
147
147
403
315
292
112
106
113
195
389
443
314
257
13
132
85
370
209
191
492
220
465
415
115
188
310
422
134
90
76
274
390
299
199
383
66
384
182
381
215
341
271
372
142
74
460
292
191
59
22
109
332
432
133
59
212
292
45
204
499
472
342
368
435
287
276
242
266
319
364
412
312
462
118
270
16
453
443
197
30
167
210
192
124
441
375
56
25
91
73
6
110
51
186
169
4
63
154
467
338
113
283
378
153
334
185
6
187
268
202
471
132
456
383
222
359
462
121
373
243
351
281
39
462
285
385
260
470
220
288
378
436
14
421
384
68
116
372
145
112
40
274
268
303
280
247
292
351
79
471
219
407
226
73
335
243
456
384
285
228
13
15
23
134
430
39
448
326
25
308
408
421
375
108
215
110
33
166
37
184
275
206
2
109
159
484
197
424
438
456
259
416
262
140
201
310
161
295
6
92
85
8
242
77
468
204
119
95
78
410
465
134
20
4
337
268
103
476
289
85
262
95
415
291
340
395
41
147
272
335
95
139
186
371
459
301
22
244
298
153
19
432
401
107
172
417
64
406
74
65
299
123
44
375
72
222
69
233
341
222
129
75
222
162
54
179
336
16
485
338
323
30
48
136
69
27
91
347
134
171
211
467
497
127
40
187
234
374
301
141
455
297
470
453
476
52
105
99
252
117
306
304
312
24
113
95
160
186
182
434
377
309
202
87
391
366
128
157
472
178
424
494
61
232
209
191
261
143
326
407
437
64
385
327
336
281
351
499
345
495
228
169
222
402
313
206
183
228
278
476
457
285
178
414
382
192
346
412
371
330
223
380
431
486
25
332
88
304
130
378
396
178
405
9
475
157
367
143
298
151
2
217
41
298
354
11
22
249
43
316
353
345
201
93
474
73
38
289
251
301
59
9
393
286
436
110
328
26
180
130
319
78
36
296
151
398
252
138
494
494
416
327
109
307
97
412
346
299
237
256
379
66
412
80
101
127
438
369
327
293
417
18
396
165
295
478
295
475
141
